PASS:
g_1[0 1 1]
g_2[0 0 1]
diff[0 1]

g_1[1]
g_2[1 1 1]
diff[0 18446744073709551615 18446744073709551615]

g_1[1 0 0 1]
g_2[]
diff[1 0 0 1]

g_1[1 0 1 1]
g_2[0 1 0 1]
diff[1 18446744073709551615 1]

g_1[1 1]
g_2[1]
diff[0 1]

g_1[0 1]
g_2[0 0 0 1]
diff[0 1 0 18446744073709551615]

g_1[0 0 1 1]
g_2[1 0 1 1]
diff[18446744073709551615]

g_1[0 1 1 1]
g_2[1 1 0 1]
diff[18446744073709551615 0 1]

g_1[1 1 1]
g_2[1 0 1]
diff[0 1]

FAIL:
g_1[0 1 1 1]
g_2[1 1]
diff[18446744073709551615 0 1 1]

g_1[1 1 0 1]
g_2[0 0 1 1]
diff[1 1 18446744073709551615]

g_1[0 0 0 1]
g_2[1 1 1]
diff[18446744073709551615 18446744073709551615 18446744073709551615 1]

g_1[0 1 1]
g_2[1 0 1 1]
diff[18446744073709551615 1 0 18446744073709551615]

g_1[]
g_2[0 1 1 1]
diff[0 18446744073709551615 18446744073709551615 18446744073709551615]
